*Heading
** Job name: microstructure Model name: microstructure_model
** Generated by: MicroStructPy
**
** PARTS
**
*Part, name=Part-1
*Node
1, 0.0, 26.0
2, 0.0, 25.0
3, 1.0, 26.0
4, 1.0, 25.0
5, 2.0, 26.0
6, 2.0, 25.0
7, 3.0, 26.0
8, 3.0, 25.0
9, 4.0, 26.0
10, 4.0, 25.0
11, 5.0, 26.0
12, 6.0, 26.0
13, 7.0, 26.0
14, 8.0, 26.0
15, 8.0, 25.0
16, 9.0, 26.0
17, 10.0, 26.0
18, 11.0, 26.0
19, 11.0, 25.0
20, 12.0, 26.0
21, 12.0, 25.0
22, 13.0, 26.0
23, 13.0, 25.0
24, 14.0, 26.0
25, 14.0, 25.0
26, 15.0, 26.0
27, 15.0, 25.0
28, 16.0, 26.0
29, 16.0, 25.0
30, 17.0, 26.0
31, 17.0, 25.0
32, 18.0, 26.0
33, 18.0, 25.0
34, 19.0, 26.0
35, 19.0, 25.0
36, 20.0, 26.0
37, 20.0, 25.0
38, 21.0, 26.0
39, 21.0, 25.0
40, 22.0, 26.0
41, 22.0, 25.0
42, 23.0, 26.0
43, 23.0, 25.0
44, 24.0, 26.0
45, 25.0, 26.0
46, 25.0, 25.0
47, 0.0, 24.0
48, 1.0, 24.0
49, 4.0, 24.0
50, 3.0, 24.0
51, 8.0, 24.0
52, 9.0, 24.0
53, 10.0, 24.0
54, 11.0, 24.0
55, 13.0, 24.0
56, 14.0, 24.0
57, 19.0, 24.0
58, 18.0, 24.0
59, 23.0, 24.0
60, 24.0, 24.0
61, 25.0, 24.0
62, 0.0, 23.0
63, 1.0, 23.0
64, 3.0, 23.0
65, 4.0, 23.0
66, 5.0, 23.0
67, 9.0, 23.0
68, 13.0, 23.0
69, 14.0, 23.0
70, 16.0, 23.0
71, 17.0, 23.0
72, 18.0, 23.0
73, 19.0, 23.0
74, 20.0, 23.0
75, 25.0, 23.0
76, 0.0, 22.0
77, 1.0, 22.0
78, 2.0, 22.0
79, 3.0, 22.0
80, 5.0, 22.0
81, 9.0, 22.0
82, 8.0, 22.0
83, 12.0, 22.0
84, 13.0, 22.0
85, 14.0, 22.0
86, 16.0, 22.0
87, 15.0, 22.0
88, 17.0, 22.0
89, 19.0, 22.0
90, 20.0, 22.0
91, 21.0, 22.0
92, 22.0, 22.0
93, 25.0, 22.0
94, 0.0, 21.0
95, 1.0, 21.0
96, 2.0, 21.0
97, 5.0, 21.0
98, 6.0, 21.0
99, 7.0, 21.0
100, 8.0, 21.0
101, 10.0, 21.0
102, 11.0, 21.0
103, 12.0, 21.0
104, 13.0, 21.0
105, 14.0, 21.0
106, 15.0, 21.0
107, 17.0, 21.0
108, 19.0, 21.0
109, 18.0, 21.0
110, 22.0, 21.0
111, 23.0, 21.0
112, 24.0, 21.0
113, 25.0, 21.0
114, 0.0, 20.0
115, 1.0, 20.0
116, 2.0, 20.0
117, 3.0, 20.0
118, 4.0, 20.0
119, 5.0, 20.0
120, 6.0, 20.0
121, 10.0, 20.0
122, 9.0, 20.0
123, 14.0, 20.0
124, 17.0, 20.0
125, 18.0, 20.0
126, 19.0, 20.0
127, 20.0, 20.0
128, 21.0, 20.0
129, 25.0, 20.0
130, 0.0, 19.0
131, 1.0, 19.0
132, 4.0, 19.0
133, 9.0, 19.0
134, 10.0, 19.0
135, 14.0, 19.0
136, 15.0, 19.0
137, 16.0, 19.0
138, 18.0, 19.0
139, 17.0, 19.0
140, 19.0, 19.0
141, 20.0, 19.0
142, 21.0, 19.0
143, 22.0, 19.0
144, 23.0, 19.0
145, 24.0, 19.0
146, 25.0, 19.0
147, 0.0, 18.0
148, 1.0, 18.0
149, 2.0, 18.0
150, 4.0, 18.0
151, 5.0, 18.0
152, 9.0, 18.0
153, 8.0, 18.0
154, 10.0, 18.0
155, 15.0, 18.0
156, 16.0, 18.0
157, 17.0, 18.0
158, 19.0, 18.0
159, 20.0, 18.0
160, 23.0, 18.0
161, 24.0, 18.0
162, 25.0, 18.0
163, 0.0, 17.0
164, 1.0, 17.0
165, 2.0, 17.0
166, 5.0, 17.0
167, 6.0, 17.0
168, 8.0, 17.0
169, 7.0, 17.0
170, 10.0, 17.0
171, 11.0, 17.0
172, 12.0, 17.0
173, 13.0, 17.0
174, 14.0, 17.0
175, 15.0, 17.0
176, 17.0, 17.0
177, 18.0, 17.0
178, 19.0, 17.0
179, 20.0, 17.0
180, 23.0, 17.0
181, 24.0, 17.0
182, 25.0, 17.0
183, 0.0, 16.0
184, 1.0, 16.0
185, 2.0, 16.0
186, 3.0, 16.0
187, 6.0, 16.0
188, 7.0, 16.0
189, 11.0, 16.0
190, 10.0, 16.0
191, 12.0, 16.0
192, 13.0, 16.0
193, 14.0, 16.0
194, 15.0, 16.0
195, 16.0, 16.0
196, 17.0, 16.0
197, 18.0, 16.0
198, 19.0, 16.0
199, 20.0, 16.0
200, 21.0, 16.0
201, 25.0, 16.0
202, 0.0, 15.0
203, 1.0, 15.0
204, 3.0, 15.0
205, 4.0, 15.0
206, 5.0, 15.0
207, 6.0, 15.0
208, 7.0, 15.0
209, 8.0, 15.0
210, 9.0, 15.0
211, 10.0, 15.0
212, 13.0, 15.0
213, 14.0, 15.0
214, 15.0, 15.0
215, 16.0, 15.0
216, 20.0, 15.0
217, 19.0, 15.0
218, 21.0, 15.0
219, 22.0, 15.0
220, 25.0, 15.0
221, 0.0, 14.0
222, 1.0, 14.0
223, 5.0, 14.0
224, 6.0, 14.0
225, 7.0, 14.0
226, 8.0, 14.0
227, 9.0, 14.0
228, 10.0, 14.0
229, 11.0, 14.0
230, 13.0, 14.0
231, 14.0, 14.0
232, 15.0, 14.0
233, 16.0, 14.0
234, 17.0, 14.0
235, 19.0, 14.0
236, 18.0, 14.0
237, 22.0, 14.0
238, 25.0, 14.0
239, 0.0, 13.0
240, 1.0, 13.0
241, 2.0, 13.0
242, 3.0, 13.0
243, 4.0, 13.0
244, 6.0, 13.0
245, 7.0, 13.0
246, 8.0, 13.0
247, 11.0, 13.0
248, 13.0, 13.0
249, 14.0, 13.0
250, 17.0, 13.0
251, 18.0, 13.0
252, 22.0, 13.0
253, 23.0, 13.0
254, 25.0, 13.0
255, 0.0, 12.0
256, 1.0, 12.0
257, 4.0, 12.0
258, 6.0, 12.0
259, 8.0, 12.0
260, 9.0, 12.0
261, 11.0, 12.0
262, 13.0, 12.0
263, 12.0, 12.0
264, 14.0, 12.0
265, 15.0, 12.0
266, 16.0, 12.0
267, 18.0, 12.0
268, 23.0, 12.0
269, 22.0, 12.0
270, 24.0, 12.0
271, 25.0, 12.0
272, 0.0, 11.0
273, 1.0, 11.0
274, 4.0, 11.0
275, 5.0, 11.0
276, 6.0, 11.0
277, 9.0, 11.0
278, 11.0, 11.0
279, 12.0, 11.0
280, 13.0, 11.0
281, 14.0, 11.0
282, 15.0, 11.0
283, 16.0, 11.0
284, 17.0, 11.0
285, 18.0, 11.0
286, 19.0, 11.0
287, 20.0, 11.0
288, 21.0, 11.0
289, 22.0, 11.0
290, 25.0, 11.0
291, 0.0, 10.0
292, 1.0, 10.0
293, 2.0, 10.0
294, 3.0, 10.0
295, 4.0, 10.0
296, 5.0, 10.0
297, 6.0, 10.0
298, 7.0, 10.0
299, 8.0, 10.0
300, 9.0, 10.0
301, 10.0, 10.0
302, 11.0, 10.0
303, 12.0, 10.0
304, 13.0, 10.0
305, 14.0, 10.0
306, 15.0, 10.0
307, 19.0, 10.0
308, 20.0, 10.0
309, 21.0, 10.0
310, 22.0, 10.0
311, 25.0, 10.0
312, 0.0, 9.0
313, 1.0, 9.0
314, 2.0, 9.0
315, 7.0, 9.0
316, 6.0, 9.0
317, 12.0, 9.0
318, 13.0, 9.0
319, 15.0, 9.0
320, 16.0, 9.0
321, 19.0, 9.0
322, 18.0, 9.0
323, 20.0, 9.0
324, 25.0, 9.0
325, 0.0, 8.0
326, 2.0, 8.0
327, 6.0, 8.0
328, 5.0, 8.0
329, 9.0, 8.0
330, 10.0, 8.0
331, 12.0, 8.0
332, 11.0, 8.0
333, 13.0, 8.0
334, 14.0, 8.0
335, 16.0, 8.0
336, 17.0, 8.0
337, 18.0, 8.0
338, 20.0, 8.0
339, 21.0, 8.0
340, 25.0, 8.0
341, 0.0, 7.0
342, 2.0, 7.0
343, 1.0, 7.0
344, 5.0, 7.0
345, 4.0, 7.0
346, 6.0, 7.0
347, 7.0, 7.0
348, 8.0, 7.0
349, 9.0, 7.0
350, 10.0, 7.0
351, 11.0, 7.0
352, 12.0, 7.0
353, 13.0, 7.0
354, 14.0, 7.0
355, 15.0, 7.0
356, 17.0, 7.0
357, 21.0, 7.0
358, 25.0, 7.0
359, 0.0, 6.0
360, 1.0, 6.0
361, 2.0, 6.0
362, 3.0, 6.0
363, 4.0, 6.0
364, 5.0, 6.0
365, 6.0, 6.0
366, 7.0, 6.0
367, 9.0, 6.0
368, 10.0, 6.0
369, 11.0, 6.0
370, 13.0, 6.0
371, 12.0, 6.0
372, 15.0, 6.0
373, 14.0, 6.0
374, 17.0, 6.0
375, 21.0, 6.0
376, 22.0, 6.0
377, 23.0, 6.0
378, 24.0, 6.0
379, 25.0, 6.0
380, 0.0, 5.0
381, 1.0, 5.0
382, 5.0, 5.0
383, 4.0, 5.0
384, 6.0, 5.0
385, 10.0, 5.0
386, 11.0, 5.0
387, 12.0, 5.0
388, 13.0, 5.0
389, 14.0, 5.0
390, 15.0, 5.0
391, 16.0, 5.0
392, 17.0, 5.0
393, 18.0, 5.0
394, 21.0, 5.0
395, 25.0, 5.0
396, 0.0, 4.0
397, 1.0, 4.0
398, 4.0, 4.0
399, 6.0, 4.0
400, 7.0, 4.0
401, 10.0, 4.0
402, 14.0, 4.0
403, 15.0, 4.0
404, 18.0, 4.0
405, 19.0, 4.0
406, 20.0, 4.0
407, 21.0, 4.0
408, 22.0, 4.0
409, 25.0, 4.0
410, 0.0, 3.0
411, 1.0, 3.0
412, 4.0, 3.0
413, 7.0, 3.0
414, 8.0, 3.0
415, 10.0, 3.0
416, 11.0, 3.0
417, 14.0, 3.0
418, 19.0, 3.0
419, 18.0, 3.0
420, 22.0, 3.0
421, 23.0, 3.0
422, 24.0, 3.0
423, 25.0, 3.0
424, 0.0, 2.0
425, 1.0, 2.0
426, 4.0, 2.0
427, 8.0, 2.0
428, 11.0, 2.0
429, 14.0, 2.0
430, 18.0, 2.0
431, 25.0, 2.0
432, 0.0, 1.0
433, 1.0, 1.0
434, 2.0, 1.0
435, 3.0, 1.0
436, 4.0, 1.0
437, 5.0, 1.0
438, 6.0, 1.0
439, 7.0, 1.0
440, 8.0, 1.0
441, 9.0, 1.0
442, 10.0, 1.0
443, 11.0, 1.0
444, 12.0, 1.0
445, 13.0, 1.0
446, 14.0, 1.0
447, 15.0, 1.0
448, 16.0, 1.0
449, 17.0, 1.0
450, 18.0, 1.0
451, 19.0, 1.0
452, 20.0, 1.0
453, 21.0, 1.0
454, 22.0, 1.0
455, 23.0, 1.0
456, 24.0, 1.0
457, 25.0, 1.0
458, 2.0, 23.5
459, 5.5, 24.5
460, 9.5, 25.0
461, 15.0, 23.5
462, 16.5, 24.0
463, 21.5, 23.5
464, 6.5, 22.5
465, 10.5, 22.5
466, 12.0, 23.5
467, 20.5, 24.0
468, 23.5, 22.5
469, 4.0, 21.5
470, 7.5, 19.5
471, 20.5, 21.0
472, 11.5, 19.5
473, 16.0, 20.5
474, 2.5, 19.0
475, 23.5, 20.0
476, 5.5, 19.0
477, 3.0, 17.5
478, 21.5, 17.5
479, 13.5, 18.0
480, 9.0, 16.5
481, 4.5, 16.0
482, 23.5, 15.5
483, 11.5, 15.0
484, 9.5, 13.0
485, 2.0, 14.5
486, 3.5, 14.0
487, 17.5, 15.0
488, 20.5, 13.5
489, 12.0, 13.5
490, 2.5, 11.5
491, 15.5, 13.0
492, 5.0, 12.5
493, 24.0, 13.5
494, 7.0, 11.5
495, 10.0, 11.5
496, 23.5, 10.5
497, 3.5, 8.5
498, 4.5, 9.0
499, 17.5, 10.0
500, 8.5, 9.0
501, 10.5, 9.0
502, 3.0, 7.5
503, 7.5, 8.0
504, 21.5, 9.0
505, 18.5, 6.5
506, 22.5, 7.5
507, 2.5, 4.5
508, 16.0, 6.5
509, 8.5, 4.5
510, 12.5, 3.5
511, 23.5, 4.5
512, 16.5, 3.5
513, 5.0, 3.5
514, 9.0, 3.5
515, 11.5, 4.0
516, 22.5, 5.0
517, 2.5, 2.5
518, 20.5, 2.5
519, 23.5, 2.0
520, 6.5, 2.0
521, 9.5, 2.0
522, 19.5, 2.0
523, 21.5, 2.0
524, 6.8, 24.5
525, 11.0, 18.5
526, 12.8, 19.5
527, 22.5, 20.125
528, 6.5, 18.1875
529, 12.5, 17.875
530, 23.0, 14.5
531, 19.4, 12.5
532, 21.0, 12.5
533, 24.125, 14.5
534, 24.0, 9.5
535, 16.5, 10.125
536, 9.5, 8.875
537, 19.5, 5.4
538, 23.5, 7.0
539, 2.0, 3.5
540, 12.0, 2.5
541, 15.4, 2.5
542, 17.0, 2.5
543, 4.875, 2.5
544, 22.5, 2.125
545, 22.805555555555557, 8.972222222222221
546, 24.125, 8.5
547, 19.93, 6.5
548, 3.0625, 3.5
549, 13.0625, 2.5
550, 5.881944444444445, 2.8819444444444446
*Element, type=CPS3
1, 484, 260, 495
2, 1, 2, 3
3, 211, 483, 189
4, 483, 229, 489
5, 251, 531, 235
6, 246, 484, 227
7, 3, 4, 5
8, 3, 2, 4
9, 180, 219, 482
10, 222, 241, 485
11, 5, 6, 7
12, 5, 4, 6
13, 6, 458, 50
14, 203, 222, 485
15, 7, 8, 9
16, 7, 6, 8
17, 4, 48, 6
18, 242, 243, 486
19, 9, 10, 11
20, 9, 8, 10
21, 458, 6, 48
22, 49, 8, 50
23, 11, 10, 459
24, 234, 236, 487
25, 485, 486, 204
26, 49, 459, 10
27, 12, 459, 524
28, 14, 15, 16
29, 215, 487, 196
30, 15, 14, 13
31, 248, 230, 489
32, 49, 10, 8
33, 15, 52, 460
34, 483, 489, 230
35, 218, 488, 237
36, 460, 17, 16
37, 18, 19, 20
38, 19, 18, 17
39, 502, 497, 326
40, 293, 490, 273
41, 20, 21, 22
42, 20, 19, 21
43, 12, 11, 459
44, 25, 24, 23
45, 24, 22, 23
46, 22, 21, 23
47, 13, 12, 524
48, 26, 24, 25
49, 256, 273, 490
50, 15, 51, 52
51, 26, 25, 27
52, 28, 26, 27
53, 265, 266, 491
54, 19, 460, 53
55, 28, 27, 29
56, 30, 28, 29
57, 249, 491, 232
58, 19, 17, 460
59, 30, 29, 31
60, 32, 30, 31
61, 275, 492, 257
62, 54, 19, 53
63, 32, 31, 33
64, 34, 32, 33
65, 243, 257, 492
66, 21, 19, 54
67, 34, 33, 35
68, 36, 34, 35
69, 533, 238, 220
70, 54, 466, 21
71, 36, 35, 37
72, 38, 36, 37
73, 254, 238, 493
74, 21, 55, 23
75, 38, 37, 39
76, 40, 38, 39
77, 276, 298, 494
78, 23, 55, 25
79, 40, 39, 41
80, 42, 40, 41
81, 258, 276, 494
82, 55, 56, 25
83, 42, 41, 43
84, 44, 42, 43
85, 301, 495, 277
86, 56, 27, 25
87, 27, 56, 461
88, 545, 310, 504
89, 260, 277, 495
90, 46, 44, 43
91, 289, 310, 496
92, 46, 45, 44
93, 461, 56, 69
94, 4, 47, 48
95, 2, 47, 4
96, 530, 219, 237
97, 55, 68, 56
98, 458, 64, 50
99, 31, 29, 462
100, 62, 63, 48
101, 6, 50, 8
102, 57, 35, 33
103, 58, 33, 31
104, 50, 64, 49
105, 65, 49, 64
106, 57, 74, 467
107, 57, 37, 35
108, 66, 49, 65
109, 51, 15, 524
110, 41, 39, 463
111, 73, 74, 57
112, 80, 464, 66
113, 41, 59, 43
114, 51, 67, 52
115, 43, 59, 60
116, 33, 58, 57
117, 67, 53, 52
118, 67, 465, 53
119, 67, 81, 465
120, 61, 46, 60
121, 43, 60, 46
122, 68, 55, 466
123, 328, 498, 497
124, 47, 62, 48
125, 84, 69, 68
126, 187, 481, 206
127, 79, 96, 117
128, 461, 29, 27
129, 69, 56, 68
130, 77, 78, 63
131, 458, 78, 64
132, 462, 58, 31
133, 462, 71, 58
134, 79, 64, 78
135, 64, 79, 65
136, 57, 58, 72
137, 71, 72, 58
138, 79, 469, 65
139, 80, 66, 65
140, 467, 39, 37
141, 57, 72, 73
142, 464, 51, 524
143, 51, 82, 67
144, 91, 74, 90
145, 41, 463, 59
146, 465, 54, 53
147, 466, 83, 68
148, 61, 60, 75
149, 60, 59, 468
150, 68, 83, 84
151, 295, 497, 498
152, 63, 76, 77
153, 62, 76, 63
154, 477, 481, 166
155, 77, 76, 94
156, 87, 69, 85
157, 69, 84, 85
158, 77, 95, 78
159, 96, 78, 95
160, 70, 86, 71
161, 86, 70, 87
162, 96, 79, 78
163, 71, 86, 88
164, 67, 82, 81
165, 84, 103, 104
166, 97, 80, 469
167, 80, 97, 98
168, 89, 72, 88
169, 71, 88, 72
170, 98, 99, 464
171, 100, 82, 99
172, 81, 82, 100
173, 73, 72, 89
174, 464, 99, 82
175, 87, 70, 461
176, 74, 89, 90
177, 89, 74, 73
178, 101, 81, 100
179, 102, 465, 101
180, 463, 92, 59
181, 463, 91, 92
182, 465, 102, 83
183, 103, 83, 102
184, 93, 75, 468
185, 468, 75, 60
186, 103, 84, 83
187, 296, 295, 498
188, 101, 121, 102
189, 77, 94, 95
190, 152, 480, 170
191, 95, 114, 115
192, 104, 105, 85
193, 85, 84, 104
194, 95, 115, 96
195, 116, 96, 115
196, 87, 105, 106
197, 105, 87, 85
198, 117, 96, 116
199, 469, 117, 118
200, 86, 106, 473
201, 87, 106, 86
202, 469, 118, 97
203, 119, 97, 118
204, 107, 109, 88
205, 88, 86, 107
206, 119, 98, 97
207, 98, 119, 120
208, 90, 89, 108
209, 109, 108, 89
210, 99, 98, 120
211, 120, 470, 99
212, 91, 90, 471
213, 108, 127, 471
214, 470, 100, 99
215, 123, 106, 105
216, 92, 110, 111
217, 110, 92, 91
218, 100, 122, 101
219, 88, 109, 89
220, 102, 121, 472
221, 472, 121, 134
222, 93, 468, 112
223, 112, 468, 111
224, 526, 103, 472
225, 123, 105, 104
226, 535, 284, 283
227, 93, 112, 113
228, 94, 114, 95
229, 151, 476, 132
230, 209, 480, 168
231, 115, 114, 130
232, 107, 473, 124
233, 136, 106, 123
234, 115, 131, 116
235, 474, 131, 149
236, 124, 125, 109
237, 109, 107, 124
238, 117, 116, 474
239, 118, 117, 132
240, 108, 125, 126
241, 125, 108, 109
242, 132, 119, 118
243, 108, 126, 127
244, 101, 122, 121
245, 136, 137, 473
246, 151, 132, 150
247, 122, 470, 133
248, 91, 471, 110
249, 110, 471, 128
250, 133, 121, 122
251, 121, 133, 134
252, 143, 128, 142
253, 128, 143, 527
254, 103, 102, 472
255, 526, 104, 103
256, 113, 112, 129
257, 112, 111, 475
258, 135, 136, 123
259, 285, 284, 499
260, 133, 152, 134
261, 115, 130, 131
262, 155, 479, 174
263, 131, 130, 147
264, 139, 138, 124
265, 124, 473, 137
266, 148, 149, 131
267, 117, 474, 132
268, 126, 125, 138
269, 138, 125, 124
270, 132, 474, 150
271, 119, 476, 120
272, 140, 127, 126
273, 126, 138, 140
274, 169, 528, 167
275, 157, 139, 156
276, 154, 134, 152
277, 141, 127, 140
278, 153, 133, 470
279, 124, 137, 139
280, 128, 141, 142
281, 141, 128, 127
282, 134, 525, 472
283, 170, 171, 154
284, 144, 475, 527
285, 475, 111, 527
286, 136, 135, 155
287, 136, 155, 137
288, 112, 475, 129
289, 129, 475, 145
290, 137, 155, 156
291, 156, 139, 137
292, 299, 315, 500
293, 129, 145, 146
294, 186, 481, 477
295, 131, 147, 148
296, 526, 479, 135
297, 148, 147, 163
298, 138, 157, 158
299, 157, 138, 139
300, 148, 164, 149
301, 165, 149, 164
302, 158, 141, 140
303, 138, 158, 140
304, 150, 474, 477
305, 158, 159, 141
306, 133, 153, 152
307, 529, 526, 472
308, 166, 151, 150
309, 151, 166, 167
310, 142, 159, 478
311, 159, 142, 141
312, 151, 528, 476
313, 120, 528, 470
314, 160, 144, 143
315, 478, 143, 142
316, 153, 168, 152
317, 152, 168, 480
318, 145, 160, 161
319, 160, 145, 144
320, 170, 154, 152
321, 529, 172, 173
322, 162, 146, 161
323, 145, 161, 146
324, 529, 173, 479
325, 300, 299, 500
326, 477, 166, 150
327, 148, 163, 164
328, 159, 179, 478
329, 164, 183, 184
330, 479, 155, 135
331, 174, 479, 173
332, 164, 184, 165
333, 185, 165, 184
334, 156, 155, 175
335, 174, 175, 155
336, 186, 165, 185
337, 176, 156, 175
338, 168, 153, 169
339, 192, 193, 174
340, 481, 186, 205
341, 166, 187, 167
342, 176, 177, 157
343, 157, 156, 176
344, 169, 167, 187
345, 187, 188, 169
346, 158, 177, 178
347, 177, 158, 157
348, 169, 188, 168
349, 168, 188, 209
350, 179, 159, 178
351, 158, 178, 159
352, 190, 170, 480
353, 171, 170, 189
354, 478, 180, 160
355, 143, 478, 160
356, 189, 172, 171
357, 172, 189, 191
358, 161, 180, 181
359, 180, 161, 160
360, 173, 172, 191
361, 191, 192, 173
362, 182, 162, 181
363, 161, 181, 162
364, 173, 192, 174
365, 330, 332, 501
366, 163, 183, 164
367, 206, 481, 205
368, 200, 478, 179
369, 184, 183, 202
370, 175, 193, 194
371, 193, 175, 174
372, 184, 203, 185
373, 175, 194, 195
374, 485, 185, 203
375, 186, 185, 204
376, 196, 176, 195
377, 175, 195, 176
378, 205, 186, 204
379, 196, 177, 176
380, 189, 170, 190
381, 191, 212, 192
382, 166, 481, 187
383, 206, 207, 187
384, 177, 197, 178
385, 197, 177, 196
386, 187, 207, 188
387, 208, 188, 207
388, 179, 178, 198
389, 197, 198, 178
390, 209, 188, 208
391, 480, 209, 210
392, 200, 179, 199
393, 179, 198, 199
394, 480, 210, 190
395, 211, 190, 210
396, 219, 200, 218
397, 478, 200, 180
398, 211, 189, 190
399, 211, 229, 483
400, 182, 181, 201
401, 181, 180, 482
402, 189, 483, 191
403, 301, 300, 536
404, 210, 227, 211
405, 184, 202, 203
406, 149, 165, 477
407, 227, 484, 228
408, 212, 213, 193
409, 193, 192, 212
410, 485, 204, 185
411, 222, 240, 241
412, 194, 213, 214
413, 213, 194, 193
414, 205, 204, 486
415, 206, 205, 223
416, 215, 195, 214
417, 194, 214, 195
418, 223, 207, 206
419, 207, 223, 224
420, 234, 487, 215
421, 196, 195, 215
422, 208, 207, 224
423, 224, 225, 208
424, 197, 217, 198
425, 216, 198, 217
426, 208, 225, 209
427, 226, 209, 225
428, 199, 216, 200
429, 199, 198, 216
430, 226, 210, 209
431, 230, 212, 483
432, 211, 227, 228
433, 216, 218, 200
434, 226, 227, 210
435, 487, 197, 196
436, 181, 482, 201
437, 180, 200, 219
438, 211, 228, 229
439, 212, 191, 483
440, 345, 497, 502
441, 201, 482, 220
442, 203, 221, 222
443, 202, 221, 203
444, 165, 186, 477
445, 248, 489, 263
446, 213, 230, 231
447, 230, 213, 212
448, 485, 241, 242
449, 242, 486, 485
450, 232, 214, 231
451, 213, 231, 214
452, 243, 223, 486
453, 223, 205, 486
454, 232, 233, 215
455, 215, 214, 232
456, 492, 223, 243
457, 224, 223, 244
458, 217, 487, 236
459, 234, 215, 233
460, 244, 225, 224
461, 225, 244, 245
462, 216, 217, 235
463, 236, 235, 217
464, 226, 225, 245
465, 245, 246, 226
466, 218, 216, 488
467, 216, 235, 488
468, 226, 246, 227
469, 247, 263, 489
470, 247, 229, 228
471, 237, 219, 218
472, 246, 260, 484
473, 487, 217, 197
474, 533, 482, 530
475, 253, 493, 530
476, 229, 247, 489
477, 362, 502, 342
478, 222, 239, 240
479, 221, 239, 222
480, 132, 476, 119
481, 240, 239, 255
482, 231, 248, 249
483, 248, 231, 230
484, 240, 256, 241
485, 490, 241, 256
486, 491, 249, 265
487, 231, 249, 232
488, 242, 241, 490
489, 243, 242, 257
490, 233, 250, 234
491, 232, 491, 233
492, 244, 223, 492
493, 244, 492, 258
494, 251, 236, 250
495, 234, 250, 236
496, 245, 244, 258
497, 494, 245, 258
498, 251, 267, 531
499, 235, 236, 251
500, 245, 259, 246
501, 260, 246, 259
502, 237, 252, 253
503, 252, 237, 488
504, 247, 228, 484
505, 484, 261, 247
506, 493, 253, 270
507, 482, 219, 530
508, 247, 261, 263
509, 329, 503, 348
510, 494, 259, 245
511, 240, 255, 256
512, 528, 151, 167
513, 256, 255, 272
514, 262, 264, 249
515, 249, 248, 262
516, 490, 257, 242
517, 274, 257, 490
518, 250, 491, 266
519, 265, 249, 264
520, 275, 257, 274
521, 275, 258, 492
522, 250, 266, 267
523, 250, 233, 491
524, 258, 275, 276
525, 251, 250, 267
526, 262, 248, 263
527, 280, 264, 262
528, 298, 299, 494
529, 277, 260, 259
530, 531, 287, 532
531, 531, 488, 235
532, 495, 261, 484
533, 278, 261, 495
534, 253, 268, 270
535, 268, 253, 252
536, 278, 263, 261
537, 493, 270, 254
538, 268, 252, 269
539, 263, 278, 279
540, 262, 263, 279
541, 279, 280, 262
542, 347, 348, 503
543, 254, 270, 271
544, 302, 303, 279
545, 256, 272, 273
546, 111, 110, 527
547, 273, 272, 291
548, 265, 264, 281
549, 280, 281, 264
550, 292, 293, 273
551, 293, 294, 490
552, 282, 266, 265
553, 265, 281, 282
554, 274, 490, 294
555, 294, 295, 274
556, 283, 284, 266
557, 283, 266, 282
558, 274, 295, 275
559, 296, 275, 295
560, 267, 284, 285
561, 284, 267, 266
562, 296, 276, 275
563, 276, 296, 297
564, 287, 288, 532
565, 285, 286, 267
566, 276, 297, 298
567, 494, 299, 259
568, 252, 532, 269
569, 252, 488, 532
570, 299, 277, 259
571, 277, 299, 300
572, 289, 268, 269
573, 269, 288, 289
574, 277, 300, 301
575, 278, 495, 301
576, 496, 270, 268
577, 496, 268, 289
578, 301, 302, 278
579, 279, 278, 302
580, 357, 506, 339
581, 270, 290, 271
582, 306, 305, 319
583, 273, 291, 292
584, 144, 145, 475
585, 292, 291, 312
586, 280, 303, 304
587, 303, 280, 279
588, 292, 313, 293
589, 314, 293, 313
590, 305, 281, 304
591, 280, 304, 281
592, 314, 294, 293
593, 294, 314, 497
594, 305, 306, 282
595, 282, 281, 305
596, 314, 326, 497
597, 316, 498, 328
598, 306, 320, 535
599, 306, 283, 282
600, 296, 316, 297
601, 297, 315, 298
602, 499, 322, 307
603, 319, 320, 306
604, 299, 298, 315
605, 503, 500, 315
606, 287, 286, 307
607, 307, 286, 285
608, 536, 329, 330
609, 500, 536, 300
610, 308, 288, 287
611, 287, 307, 308
612, 501, 302, 301
613, 317, 303, 302
614, 288, 309, 289
615, 309, 288, 308
616, 303, 317, 304
617, 318, 304, 317
618, 270, 496, 290
619, 309, 310, 289
620, 318, 305, 304
621, 305, 318, 319
622, 323, 504, 309
623, 290, 496, 311
624, 328, 327, 316
625, 292, 312, 313
626, 131, 474, 116
627, 313, 312, 325
628, 320, 322, 499
629, 284, 535, 499
630, 313, 326, 314
631, 307, 285, 499
632, 297, 316, 315
633, 318, 333, 334
634, 296, 498, 316
635, 327, 315, 316
636, 323, 308, 321
637, 307, 321, 308
638, 503, 327, 347
639, 500, 329, 536
640, 339, 504, 323
641, 309, 308, 323
642, 332, 317, 501
643, 338, 339, 323
644, 321, 307, 322
645, 332, 331, 317
646, 317, 331, 318
647, 333, 318, 331
648, 405, 537, 393
649, 311, 496, 534
650, 502, 326, 342
651, 313, 325, 326
652, 343, 359, 360
653, 351, 352, 331
654, 328, 497, 345
655, 319, 318, 334
656, 326, 325, 343
657, 497, 295, 294
658, 319, 335, 320
659, 335, 319, 334
660, 328, 344, 327
661, 327, 346, 347
662, 315, 327, 503
663, 335, 336, 320
664, 344, 346, 327
665, 501, 317, 302
666, 337, 322, 336
667, 320, 336, 322
668, 329, 500, 503
669, 349, 329, 348
670, 337, 338, 321
671, 321, 322, 337
672, 349, 330, 329
673, 330, 349, 350
674, 310, 309, 504
675, 338, 323, 321
676, 332, 330, 350
677, 350, 351, 332
678, 496, 545, 534
679, 324, 311, 534
680, 332, 351, 331
681, 338, 337, 505
682, 325, 341, 343
683, 474, 149, 477
684, 86, 473, 107
685, 331, 352, 333
686, 342, 326, 343
687, 136, 473, 106
688, 342, 343, 360
689, 333, 352, 353
690, 344, 328, 345
691, 360, 361, 342
692, 361, 362, 342
693, 502, 362, 345
694, 354, 334, 353
695, 333, 353, 334
696, 363, 345, 362
697, 345, 363, 344
698, 355, 335, 334
699, 334, 354, 355
700, 344, 363, 364
701, 364, 346, 344
702, 335, 356, 336
703, 335, 355, 508
704, 364, 365, 346
705, 347, 346, 365
706, 505, 356, 374
707, 336, 356, 337
708, 366, 347, 365
709, 347, 366, 348
710, 338, 357, 339
711, 393, 505, 374
712, 348, 366, 367
713, 367, 349, 348
714, 377, 506, 376
715, 376, 506, 357
716, 349, 367, 350
717, 377, 378, 538
718, 341, 359, 343
719, 400, 366, 384
720, 350, 368, 351
721, 368, 350, 367
722, 380, 360, 359
723, 381, 361, 360
724, 352, 351, 369
725, 368, 369, 351
726, 381, 507, 361
727, 361, 507, 362
728, 370, 353, 352
729, 352, 371, 370
730, 363, 362, 383
731, 364, 363, 382
732, 354, 373, 372
733, 370, 354, 353
734, 382, 365, 364
735, 365, 382, 384
736, 356, 335, 508
737, 354, 372, 355
738, 366, 365, 384
739, 389, 373, 388
740, 368, 385, 369
741, 374, 356, 508
742, 400, 384, 399
743, 352, 369, 371
744, 385, 386, 369
745, 337, 356, 505
746, 368, 367, 385
747, 354, 370, 373
748, 357, 375, 376
749, 338, 505, 547
750, 369, 386, 371
751, 387, 371, 386
752, 324, 546, 340
753, 339, 506, 504
754, 387, 370, 371
755, 370, 387, 388
756, 379, 358, 378
757, 377, 538, 506
758, 373, 370, 388
759, 546, 324, 534
760, 507, 383, 362
761, 360, 380, 381
762, 123, 526, 135
763, 372, 373, 389
764, 396, 381, 380
765, 390, 372, 389
766, 363, 383, 382
767, 389, 402, 390
768, 383, 507, 398
769, 391, 372, 390
770, 383, 398, 382
771, 382, 398, 513
772, 391, 392, 374
773, 508, 391, 374
774, 399, 384, 382
775, 509, 366, 400
776, 537, 375, 547
777, 393, 374, 392
778, 367, 366, 509
779, 414, 509, 400
780, 376, 375, 394
781, 547, 375, 357
782, 385, 401, 386
783, 515, 401, 416
784, 408, 394, 407
785, 394, 408, 516
786, 416, 401, 415
787, 387, 510, 388
788, 379, 378, 395
789, 378, 377, 511
790, 402, 389, 388
791, 539, 397, 411
792, 417, 403, 402
793, 381, 396, 397
794, 154, 525, 134
795, 402, 403, 390
796, 410, 397, 396
797, 539, 507, 397
798, 391, 403, 512
799, 403, 391, 390
800, 507, 539, 548
801, 382, 513, 399
802, 404, 393, 392
803, 512, 392, 391
804, 399, 513, 550
805, 399, 413, 400
806, 537, 405, 406
807, 405, 393, 404
808, 400, 413, 414
809, 514, 509, 414
810, 394, 406, 407
811, 505, 393, 537
812, 521, 414, 427
813, 387, 386, 515
814, 378, 511, 395
815, 376, 516, 377
816, 388, 510, 402
817, 510, 417, 402
818, 381, 397, 507
819, 395, 511, 409
820, 521, 427, 441
821, 397, 410, 411
822, 108, 471, 90
823, 411, 410, 424
824, 419, 418, 404
825, 541, 417, 429
826, 398, 548, 412
827, 426, 412, 517
828, 406, 405, 418
829, 418, 405, 404
830, 412, 543, 513
831, 436, 437, 426
832, 407, 406, 518
833, 406, 418, 518
834, 414, 413, 427
835, 448, 542, 541
836, 415, 428, 416
837, 420, 408, 407
838, 414, 521, 514
839, 512, 419, 404
840, 421, 422, 511
841, 420, 421, 408
842, 510, 416, 540
843, 510, 540, 549
844, 423, 409, 422
845, 511, 422, 409
846, 512, 403, 541
847, 391, 508, 372
848, 550, 543, 520
849, 411, 424, 425
850, 127, 128, 471
851, 425, 424, 432
852, 430, 450, 451
853, 430, 418, 419
854, 433, 434, 425
855, 434, 435, 517
856, 518, 453, 523
857, 449, 450, 430
858, 426, 517, 435
859, 435, 436, 426
860, 423, 422, 431
861, 422, 421, 519
862, 520, 543, 438
863, 355, 372, 508
864, 78, 458, 63
865, 425, 432, 433
866, 100, 470, 122
867, 528, 120, 476
868, 520, 427, 413
869, 439, 520, 438
870, 65, 469, 80
871, 117, 469, 79
872, 427, 440, 441
873, 439, 440, 427
874, 59, 92, 468
875, 111, 468, 92
876, 415, 521, 428
877, 442, 521, 441
878, 57, 467, 37
879, 74, 463, 467
880, 444, 428, 443
881, 428, 442, 443
882, 21, 466, 55
883, 465, 466, 54
884, 417, 549, 429
885, 549, 445, 429
886, 466, 465, 83
887, 101, 465, 81
888, 446, 447, 429
889, 446, 429, 445
890, 98, 464, 80
891, 82, 51, 464
892, 419, 512, 542
893, 542, 448, 449
894, 39, 467, 463
895, 74, 91, 463
896, 451, 522, 430
897, 430, 419, 542
898, 461, 462, 29
899, 70, 71, 462
900, 518, 420, 407
901, 418, 430, 522
902, 87, 461, 69
903, 461, 70, 462
904, 421, 544, 519
905, 523, 453, 454
906, 15, 460, 16
907, 52, 53, 460
908, 456, 431, 519
909, 519, 544, 455
910, 49, 66, 459
911, 464, 459, 66
912, 457, 431, 456
913, 519, 431, 422
914, 48, 63, 458
915, 385, 367, 509
916, 401, 385, 509
917, 540, 416, 428
918, 387, 515, 510
919, 421, 511, 408
920, 377, 516, 511
921, 417, 541, 403
922, 392, 512, 404
923, 543, 412, 426
924, 398, 412, 513
925, 401, 509, 514
926, 415, 401, 514
927, 416, 510, 515
928, 401, 515, 386
929, 408, 511, 516
930, 394, 516, 376
931, 434, 517, 425
932, 411, 425, 517
933, 418, 522, 518
934, 453, 518, 452
935, 455, 456, 519
936, 421, 420, 544
937, 513, 543, 550
938, 427, 520, 439
939, 514, 521, 415
940, 428, 521, 442
941, 452, 518, 522
942, 451, 452, 522
943, 420, 518, 523
944, 454, 455, 544
945, 13, 524, 15
946, 464, 524, 459
947, 154, 171, 525
948, 172, 525, 171
949, 104, 526, 123
950, 472, 525, 529
951, 128, 527, 110
952, 144, 527, 143
953, 169, 153, 528
954, 470, 528, 153
955, 526, 529, 479
956, 525, 172, 529
957, 253, 530, 237
958, 533, 493, 238
959, 267, 286, 531
960, 287, 531, 286
961, 531, 532, 488
962, 288, 269, 532
963, 482, 533, 220
964, 530, 493, 533
965, 545, 496, 310
966, 340, 546, 538
967, 306, 535, 283
968, 320, 499, 535
969, 330, 501, 536
970, 301, 536, 501
971, 406, 394, 537
972, 375, 537, 394
973, 378, 358, 538
974, 340, 538, 358
975, 411, 517, 539
976, 548, 517, 412
977, 428, 444, 540
978, 445, 540, 444
979, 429, 447, 541
980, 448, 541, 447
981, 541, 542, 512
982, 449, 430, 542
983, 426, 437, 543
984, 543, 437, 438
985, 420, 523, 544
986, 454, 544, 523
987, 504, 506, 545
988, 546, 506, 538
989, 534, 545, 546
990, 546, 545, 506
991, 338, 547, 357
992, 505, 537, 547
993, 507, 548, 398
994, 517, 548, 539
995, 510, 549, 417
996, 445, 549, 540
997, 520, 413, 550
998, 399, 550, 413
*Elset, elset=Set-E-Seed-0
2,8,94,95
*Elset, elset=Set-E-Seed-1
7,11,12,15,16,20
*Elset, elset=Set-E-Seed-4
19,23,26,27,30,43,47,108,109,112,114,142,143,164,167,170
171,174,206,207,890,891,910,911,945,946
*Elset, elset=Set-E-Seed-8
28,33,36,38,50,54,58,62,906,907
*Elset, elset=Set-E-Seed-11
37,41,42,44,45,46,78,82
*Elset, elset=Set-E-Seed-14
48,51,52,55,56,59,60,63
*Elset, elset=Set-E-Seed-18
64,67,68,71,72,75,76,79,80,83,84,90,92,115,120,121
*Elset, elset=Set-E-Seed-26
13,17,21,22,32,98,101,130,131,134,864,914
*Elset, elset=Set-E-Seed-36
66,70,74,117,118,119,122,125,146,147,150,157,172,178,179,182
183,210,211,214,218,229,242,244,246,247,271,274,278,306,309,312
313,338,344,345,480,512,866,867,882,883,886,887,953,954
*Elset, elset=Set-E-Seed-39
86,87,93,97,99,102,103,116,128,129,132,133,137,156,161,175
196,197,898,899,902,903
*Elset, elset=Set-E-Seed-44
106,107,110,111,113,140,144,145,148,149,180,181,184,185,216,222
223,227,874,875,878,879,894,895
*Elset, elset=Set-E-Seed-50
100,124,152,153,155,189
*Elset, elset=Set-E-Seed-53
104,105,127,135,138,139,158,159,162,166,198,199,202,203,870,871
*Elset, elset=Set-E-Seed-68
136,141,160,163,168,169,173,204,209,219,236,237
*Elset, elset=Set-E-Seed-94
176,177,208,212,213,217,240,241,243,248,249,252,253,256,257,272
277,284,285,288,289,293,546,584,822,850,951,952
*Elset, elset=Set-E-Seed-112
165,186,188,220,221,224,225,250,251,254,255,262,282,283,286,296
307,321,324,330,331,335,356,357,762,794,947,948,949,950,955,956
*Elset, elset=Set-E-Seed-113
192,193
*Elset, elset=Set-E-Seed-115
200,201,205,215,232,233,245,258,264,265,269,275,279,291,684,687
*Elset, elset=Set-E-Seed-125
191,228,231,261
*Elset, elset=Set-E-Seed-126
126,154,194,195,234,235,238,239,266,267,270,294,304,308,326,336
340,341,367,378,382,383,386,387,406,444,626,683
*Elset, elset=Set-E-Seed-168
268,273,298,299,303,342,346,347,350,351,388,393
*Elset, elset=Set-E-Seed-170
9,69,73,96,280,281,302,305,310,311,314,315,318,319,322,323
328,354,355,368,392,396,397,400,401,436,437,441,474,475,502,506
507,534,537,543,957,958,963,964
*Elset, elset=Set-E-Seed-175
263,295
*Elset, elset=Set-E-Seed-184
260,276
*Elset, elset=Set-E-Seed-190
287,290,334,337,343,373,376,377,379,384,385,389,408,409,416,417
446,447,450,451,454,455,482,483
*Elset, elset=Set-E-Seed-200
297,327
*Elset, elset=Set-E-Seed-201
300,301
*Elset, elset=Set-E-Seed-208
190,230,316,317,320,348,349,352,353,380,390,391,394,395
*Elset, elset=Set-E-Seed-223
358,359,362,363
*Elset, elset=Set-E-Seed-225
329,366,369,405,442,443,478,479,481,511
*Elset, elset=Set-E-Seed-226
10,14,18,25,61,65,332,333,372,374,375,410,411,414,415,448
449,452,453,456,457,492,493,520,521,524
*Elset, elset=Set-E-Seed-237
3,4,31,34,339,360,361,364,370,371,381,398,399,402,404,412
413,431,432,438,439,445,469,476,508,526,536,539
*Elset, elset=Set-E-Seed-266
24,29,420,421,424,425,429,435,458,459,463,473,494,495
*Elset, elset=Set-E-Seed-270
5,35,428,433,462,466,467,471,498,499,503,530,531,535,538,564
565,568,569,573,606,611,614,619,959,960,961,962
*Elset, elset=Set-E-Seed-280
1,6,85,89,407,418,419,422,423,426,427,430,434,468,470,472
501,504,505,532,533,574,575,578
*Elset, elset=Set-E-Seed-306
460,461
*Elset, elset=Set-E-Seed-307
77,81,464,465,496,497,500,510,528,529,566,567,570,571
*Elset, elset=Set-E-Seed-314
53,57,486,487,490,491,518,519,522,523,525,548,553,556,560,561
*Elset, elset=Set-E-Seed-326
40,49,484,485,488,489,516,517,550,551,554,555,558,559,588,589
*Elset, elset=Set-E-Seed-338
514,515,527,540,541,549,590,591
*Elset, elset=Set-E-Seed-350
513,545,547,583,585,625,627,630,651,652,656,682,686,718
*Elset, elset=Set-E-Seed-365
226,259,552,557,594,595,598,599,602,603,607,628,629,631,644,663
666,667,967,968
*Elset, elset=Set-E-Seed-372
88,91,572,576,577,580,581,610,615,618,622,623,636,637,640,641
643,649,674,678,679,714,715,717,748,752,753,756,757,759,965,966
973,974,987,988,989,990
*Elset, elset=Set-E-Seed-380
39,123,151,187,440,477,562,563,592,593,596,597,600,601,624,632
634,650,654,657,688,690,691,692,693,696
*Elset, elset=Set-E-Seed-386
292,325,365,403,509,542,544,579,604,605,608,609,612,613,635,638
639,642,645,660,661,662,664,665,668,669,676,677,705,708,969,970
*Elset, elset=Set-E-Seed-387
582,586,587,616,617,620,621,633,655,658,659,698,699,702,703,736
741,763,765,767,769,772,773,795,847,863
*Elset, elset=Set-E-Seed-437
646,647,653,680,685,689,694,695,732,733,737,739,747,758
*Elset, elset=Set-E-Seed-443
648,670,671,675,681,706,707,710,711,745,749,776,777,781,806,807
810,811,971,972,991,992
*Elset, elset=Set-E-Seed-459
672,673
*Elset, elset=Set-E-Seed-479
697,700,723,726,727,730,731,760,766,768,791,797,800,818,826,827
854,855,858,859,931,932,975,976,993,994
*Elset, elset=Set-E-Seed-480
701,704
*Elset, elset=Set-E-Seed-482
709,712,713,719,738,742,746,775,778,779,808,809,812,820,836,838
872,876,877,881,915,916,925,926,939,940
*Elset, elset=Set-E-Seed-484
716,721
*Elset, elset=Set-E-Seed-485
720,725
*Elset, elset=Set-E-Seed-486
724,728,729,743,750,751
*Elset, elset=Set-E-Seed-500
722,761,764,793,796,821
*Elset, elset=Set-E-Seed-505
734,735
*Elset, elset=Set-E-Seed-510
740,744,754,755,782,783,786,787,790,813,816,817,842,843,880,884
885,889,917,918,927,928,977,978,995,996
*Elset, elset=Set-E-Seed-521
780,784,785,788,789,814,815,819,840,841,844,845,919,920,929,930
*Elset, elset=Set-E-Seed-529
770,771,774,801,804,805,830,831,834,848,862,868,869,873,923,924
937,938,983,984,997,998
*Elset, elset=Set-E-Seed-540
792,798,799,802,803,824,825,829,835,839,846,857,888,892,893,897
921,922,979,980,981,982
*Elset, elset=Set-E-Seed-569
828,832,833,837,852,853,856,860,861,896,900,901,904,905,908,909
912,913,933,934,935,936,941,942,943,944,985,986
*Elset, elset=Set-E-Seed-575
823,849,851,865
*Surface, name=Surface-0, type=element
2, S1
*Surface, name=Surface-1, type=element
7, S1
*Surface, name=Surface-2, type=element
2, S3
*Surface, name=Surface-5, type=element
7, S3
*Surface, name=Surface-6, type=element
12, S2
*Surface, name=Surface-8, type=element
11, S3
*Surface, name=Surface-9, type=element
16, S2
*Surface, name=Surface-10, type=element
19, S1
*Surface, name=Surface-11, type=element
15, S3
*Surface, name=Surface-12, type=element
20, S2
*Surface, name=Surface-14, type=element
19, S3
*Surface, name=Surface-17, type=element
43, S1
*Surface, name=Surface-20, type=element
47, S1
*Surface, name=Surface-22, type=element
28, S1
*Surface, name=Surface-23, type=element
30, S2
*Surface, name=Surface-26, type=element
28, S3
*Surface, name=Surface-29, type=element
36, S2
*Surface, name=Surface-31, type=element
37, S1
*Surface, name=Surface-32, type=element
38, S2
*Surface, name=Surface-35, type=element
37, S3
*Surface, name=Surface-36, type=element
42, S2
*Surface, name=Surface-38, type=element
41, S3
*Surface, name=Surface-39, type=element
46, S2
*Surface, name=Surface-40, type=element
44, S1
*Surface, name=Surface-41, type=element
45, S1
*Surface, name=Surface-44, type=element
48, S1
*Surface, name=Surface-45, type=element
51, S2
*Surface, name=Surface-47, type=element
52, S1
*Surface, name=Surface-48, type=element
55, S2
*Surface, name=Surface-50, type=element
56, S1
*Surface, name=Surface-51, type=element
59, S2
*Surface, name=Surface-52, type=element
63, S3
*Surface, name=Surface-53, type=element
60, S1
*Surface, name=Surface-54, type=element
63, S2
*Surface, name=Surface-56, type=element
64, S1
*Surface, name=Surface-57, type=element
67, S2
*Surface, name=Surface-59, type=element
68, S1
*Surface, name=Surface-60, type=element
71, S2
*Surface, name=Surface-62, type=element
72, S1
*Surface, name=Surface-63, type=element
75, S2
*Surface, name=Surface-65, type=element
76, S1
*Surface, name=Surface-66, type=element
79, S2
*Surface, name=Surface-68, type=element
80, S1
*Surface, name=Surface-69, type=element
83, S2
*Surface, name=Surface-71, type=element
84, S1
*Surface, name=Surface-73, type=element
92, S1
*Surface, name=Surface-74, type=element
92, S2
*Surface, name=Surface-76, type=element
95, S1
*Surface, name=Surface-77, type=element
17, S1
*Surface, name=Surface-78, type=element
94, S2
*Surface, name=Surface-83, type=element
26, S3
*Surface, name=Surface-84, type=element
22, S3
*Surface, name=Surface-91, type=element
50, S1
*Surface, name=Surface-94, type=element
50, S2
*Surface, name=Surface-96, type=element
117, S2
*Surface, name=Surface-97, type=element
62, S1
*Surface, name=Surface-98, type=element
62, S3
*Surface, name=Surface-101, type=element
74, S2
*Surface, name=Surface-103, type=element
82, S2
*Surface, name=Surface-104, type=element
82, S1
*Surface, name=Surface-113, type=element
102, S1
*Surface, name=Surface-114, type=element
116, S2
*Surface, name=Surface-121, type=element
113, S2
*Surface, name=Surface-124, type=element
115, S2
*Surface, name=Surface-125, type=element
120, S1
*Surface, name=Surface-126, type=element
120, S3
*Surface, name=Surface-127, type=element
124, S1
*Surface, name=Surface-128, type=element
100, S2
*Surface, name=Surface-132, type=element
98, S2
*Surface, name=Surface-134, type=element
105, S1
*Surface, name=Surface-137, type=element
108, S3
*Surface, name=Surface-144, type=element
114, S2
*Surface, name=Surface-152, type=element
97, S1
*Surface, name=Surface-155, type=element
125, S2
*Surface, name=Surface-161, type=element
160, S3
*Surface, name=Surface-162, type=element
136, S2
*Surface, name=Surface-163, type=element
137, S1
*Surface, name=Surface-164, type=element
111, S3
*Surface, name=Surface-167, type=element
111, S1
*Surface, name=Surface-176, type=element
148, S3
*Surface, name=Surface-178, type=element
153, S1
*Surface, name=Surface-179, type=element
130, S3
*Surface, name=Surface-182, type=element
130, S1
*Surface, name=Surface-183, type=element
134, S1
*Surface, name=Surface-184, type=element
134, S3
*Surface, name=Surface-187, type=element
112, S3
*Surface, name=Surface-195, type=element
119, S1
*Surface, name=Surface-196, type=element
164, S2
*Surface, name=Surface-204, type=element
150, S2
*Surface, name=Surface-205, type=element
156, S2
*Surface, name=Surface-206, type=element
157, S2
*Surface, name=Surface-209, type=element
160, S1
*Surface, name=Surface-210, type=element
161, S3
*Surface, name=Surface-212, type=element
163, S2
*Surface, name=Surface-215, type=element
173, S3
*Surface, name=Surface-217, type=element
144, S2
*Surface, name=Surface-220, type=element
144, S3
*Surface, name=Surface-222, type=element
181, S2
*Surface, name=Surface-227, type=element
184, S1
*Surface, name=Surface-229, type=element
155, S2
*Surface, name=Surface-230, type=element
158, S1
*Surface, name=Surface-231, type=element
189, S2
*Surface, name=Surface-233, type=element
159, S3
*Surface, name=Surface-238, type=element
166, S1
*Surface, name=Surface-243, type=element
170, S1
*Surface, name=Surface-244, type=element
171, S1
*Surface, name=Surface-245, type=element
171, S3
*Surface, name=Surface-251, type=element
179, S3
*Surface, name=Surface-252, type=element
183, S1
*Surface, name=Surface-253, type=element
183, S3
*Surface, name=Surface-254, type=element
165, S3
*Surface, name=Surface-256, type=element
192, S2
*Surface, name=Surface-257, type=element
192, S1
*Surface, name=Surface-258, type=element
196, S3
*Surface, name=Surface-259, type=element
196, S2
*Surface, name=Surface-262, type=element
204, S3
*Surface, name=Surface-266, type=element
208, S2
*Surface, name=Surface-267, type=element
209, S1
*Surface, name=Surface-272, type=element
216, S1
*Surface, name=Surface-275, type=element
216, S2
*Surface, name=Surface-277, type=element
223, S3
*Surface, name=Surface-278, type=element
227, S3
*Surface, name=Surface-279, type=element
227, S2
*Surface, name=Surface-280, type=element
228, S1
*Surface, name=Surface-281, type=element
191, S3
*Surface, name=Surface-283, type=element
195, S1
*Surface, name=Surface-286, type=element
198, S3
*Surface, name=Surface-288, type=element
199, S2
*Surface, name=Surface-289, type=element
203, S1
*Surface, name=Surface-290, type=element
203, S3
*Surface, name=Surface-291, type=element
207, S3
*Surface, name=Surface-292, type=element
207, S2
*Surface, name=Surface-299, type=element
188, S1
*Surface, name=Surface-300, type=element
244, S2
*Surface, name=Surface-307, type=element
215, S3
*Surface, name=Surface-313, type=element
232, S3
*Surface, name=Surface-315, type=element
236, S2
*Surface, name=Surface-316, type=element
236, S1
*Surface, name=Surface-318, type=element
240, S2
*Surface, name=Surface-322, type=element
281, S2
*Surface, name=Surface-329, type=element
256, S3
*Surface, name=Surface-331, type=element
231, S2
*Surface, name=Surface-332, type=element
234, S1
*Surface, name=Surface-333, type=element
261, S2
*Surface, name=Surface-338, type=element
239, S3
*Surface, name=Surface-348, type=element
247, S3
*Surface, name=Surface-351, type=element
251, S2
*Surface, name=Surface-358, type=element
258, S3
*Surface, name=Surface-361, type=element
258, S1
*Surface, name=Surface-363, type=element
245, S1
*Surface, name=Surface-366, type=element
268, S2
*Surface, name=Surface-367, type=element
264, S1
*Surface, name=Surface-368, type=element
272, S3
*Surface, name=Surface-370, type=element
277, S1
*Surface, name=Surface-371, type=element
277, S3
*Surface, name=Surface-372, type=element
252, S2
*Surface, name=Surface-375, type=element
252, S3
*Surface, name=Surface-377, type=element
314, S2
*Surface, name=Surface-379, type=element
319, S2
*Surface, name=Surface-380, type=element
293, S3
*Surface, name=Surface-381, type=element
293, S2
*Surface, name=Surface-382, type=element
263, S2
*Surface, name=Surface-383, type=element
266, S3
*Surface, name=Surface-384, type=element
295, S2
*Surface, name=Surface-386, type=element
266, S1
*Surface, name=Surface-389, type=element
246, S2
*Surface, name=Surface-392, type=element
246, S3
*Surface, name=Surface-399, type=element
260, S1
*Surface, name=Surface-400, type=element
306, S2
*Surface, name=Surface-401, type=element
276, S1
*Surface, name=Surface-402, type=element
276, S3
*Surface, name=Surface-411, type=element
286, S3
*Surface, name=Surface-413, type=element
290, S3
*Surface, name=Surface-415, type=element
275, S1
*Surface, name=Surface-416, type=element
275, S3
*Surface, name=Surface-419, type=element
302, S3
*Surface, name=Surface-422, type=element
305, S1
*Surface, name=Surface-430, type=element
318, S2
*Surface, name=Surface-431, type=element
322, S1
*Surface, name=Surface-432, type=element
322, S3
*Surface, name=Surface-433, type=element
297, S2
*Surface, name=Surface-434, type=element
300, S1
*Surface, name=Surface-435, type=element
327, S2
*Surface, name=Surface-436, type=element
301, S1
*Surface, name=Surface-437, type=element
301, S3
*Surface, name=Surface-442, type=element
308, S1
*Surface, name=Surface-445, type=element
309, S2
*Surface, name=Surface-448, type=element
316, S1
*Surface, name=Surface-449, type=element
338, S3
*Surface, name=Surface-452, type=element
283, S3
*Surface, name=Surface-455, type=element
283, S1
*Surface, name=Surface-459, type=element
321, S2
*Surface, name=Surface-461, type=element
331, S3
*Surface, name=Surface-462, type=element
334, S2
*Surface, name=Surface-463, type=element
335, S1
*Surface, name=Surface-466, type=element
342, S3
*Surface, name=Surface-469, type=element
342, S1
*Surface, name=Surface-471, type=element
346, S2
*Surface, name=Surface-472, type=element
328, S1
*Surface, name=Surface-478, type=element
354, S2
*Surface, name=Surface-481, type=element
358, S2
*Surface, name=Surface-482, type=element
362, S1
*Surface, name=Surface-483, type=element
362, S3
*Surface, name=Surface-484, type=element
366, S1
*Surface, name=Surface-485, type=element
329, S3
*Surface, name=Surface-487, type=element
333, S1
*Surface, name=Surface-490, type=element
336, S3
*Surface, name=Surface-495, type=element
341, S2
*Surface, name=Surface-497, type=element
345, S2
*Surface, name=Surface-498, type=element
345, S1
*Surface, name=Surface-505, type=element
353, S3
*Surface, name=Surface-506, type=element
380, S3
*Surface, name=Surface-507, type=element
357, S3
*Surface, name=Surface-508, type=element
357, S2
*Surface, name=Surface-512, type=element
339, S1
*Surface, name=Surface-513, type=element
370, S3
*Surface, name=Surface-518, type=element
376, S3
*Surface, name=Surface-520, type=element
385, S3
*Surface, name=Surface-521, type=element
388, S2
*Surface, name=Surface-522, type=element
389, S1
*Surface, name=Surface-523, type=element
392, S2
*Surface, name=Surface-524, type=element
393, S2
*Surface, name=Surface-526, type=element
392, S3
*Surface, name=Surface-533, type=element
400, S3
*Surface, name=Surface-535, type=element
369, S2
*Surface, name=Surface-536, type=element
372, S1
*Surface, name=Surface-540, type=element
375, S3
*Surface, name=Surface-543, type=element
378, S3
*Surface, name=Surface-545, type=element
367, S3
*Surface, name=Surface-547, type=element
383, S1
*Surface, name=Surface-548, type=element
387, S1
*Surface, name=Surface-549, type=element
387, S3
*Surface, name=Surface-551, type=element
390, S3
*Surface, name=Surface-553, type=element
391, S2
*Surface, name=Surface-554, type=element
395, S1
*Surface, name=Surface-555, type=element
395, S3
*Surface, name=Surface-560, type=element
381, S2
*Surface, name=Surface-562, type=element
408, S2
*Surface, name=Surface-564, type=element
412, S3
*Surface, name=Surface-565, type=element
412, S2
*Surface, name=Surface-566, type=element
416, S1
*Surface, name=Surface-574, type=element
428, S1
*Surface, name=Surface-575, type=element
425, S3
*Surface, name=Surface-576, type=element
396, S2
*Surface, name=Surface-579, type=element
396, S3
*Surface, name=Surface-584, type=element
441, S3
*Surface, name=Surface-586, type=element
443, S1
*Surface, name=Surface-587, type=element
14, S1
*Surface, name=Surface-595, type=element
415, S3
*Surface, name=Surface-598, type=element
419, S2
*Surface, name=Surface-600, type=element
423, S1
*Surface, name=Surface-602, type=element
427, S3
*Surface, name=Surface-603, type=element
404, S1
*Surface, name=Surface-606, type=element
407, S3
*Surface, name=Surface-608, type=element
438, S2
*Surface, name=Surface-611, type=element
431, S1
*Surface, name=Surface-616, type=element
450, S3
*Surface, name=Surface-617, type=element
454, S2
*Surface, name=Surface-618, type=element
454, S1
*Surface, name=Surface-620, type=element
459, S3
*Surface, name=Surface-623, type=element
462, S2
*Surface, name=Surface-624, type=element
463, S1
*Surface, name=Surface-629, type=element
96, S2
*Surface, name=Surface-635, type=element
69, S2
*Surface, name=Surface-637, type=element
479, S1
*Surface, name=Surface-638, type=element
411, S1
*Surface, name=Surface-641, type=element
411, S2
*Surface, name=Surface-643, type=element
448, S2
*Surface, name=Surface-645, type=element
18, S1
*Surface, name=Surface-648, type=element
457, S3
*Surface, name=Surface-650, type=element
461, S3
*Surface, name=Surface-651, type=element
461, S2
*Surface, name=Surface-652, type=element
465, S2
*Surface, name=Surface-658, type=element
470, S1
*Surface, name=Surface-662, type=element
31, S1
*Surface, name=Surface-664, type=element
482, S3
*Surface, name=Surface-665, type=element
482, S2
*Surface, name=Surface-670, type=element
490, S2
*Surface, name=Surface-672, type=element
494, S1
*Surface, name=Surface-673, type=element
494, S3
*Surface, name=Surface-680, type=element
502, S1
*Surface, name=Surface-683, type=element
502, S2
*Surface, name=Surface-686, type=element
73, S1
*Surface, name=Surface-688, type=element
481, S2
*Surface, name=Surface-689, type=element
484, S1
*Surface, name=Surface-690, type=element
511, S2
*Surface, name=Surface-695, type=element
65, S1
*Surface, name=Surface-699, type=element
493, S3
*Surface, name=Surface-703, type=element
500, S2
*Surface, name=Surface-706, type=element
501, S3
*Surface, name=Surface-709, type=element
505, S2
*Surface, name=Surface-713, type=element
515, S2
*Surface, name=Surface-714, type=element
526, S3
*Surface, name=Surface-715, type=element
514, S2
*Surface, name=Surface-720, type=element
53, S1
*Surface, name=Surface-723, type=element
498, S1
*Surface, name=Surface-733, type=element
534, S1
*Surface, name=Surface-734, type=element
538, S3
*Surface, name=Surface-736, type=element
534, S2
*Surface, name=Surface-737, type=element
543, S3
*Surface, name=Surface-738, type=element
543, S2
*Surface, name=Surface-739, type=element
513, S2
*Surface, name=Surface-740, type=element
49, S1
*Surface, name=Surface-746, type=element
517, S1
*Surface, name=Surface-749, type=element
520, S3
*Surface, name=Surface-750, type=element
81, S1
*Surface, name=Surface-751, type=element
524, S2
*Surface, name=Surface-756, type=element
89, S1
*Surface, name=Surface-760, type=element
533, S1
*Surface, name=Surface-762, type=element
539, S3
*Surface, name=Surface-763, type=element
539, S2
*Surface, name=Surface-765, type=element
541, S1
*Surface, name=Surface-766, type=element
548, S2
*Surface, name=Surface-768, type=element
552, S3
*Surface, name=Surface-769, type=element
553, S2
*Surface, name=Surface-770, type=element
556, S3
*Surface, name=Surface-773, type=element
226, S2
*Surface, name=Surface-774, type=element
560, S3
*Surface, name=Surface-775, type=element
259, S1
*Surface, name=Surface-777, type=element
565, S1
*Surface, name=Surface-781, type=element
564, S1
*Surface, name=Surface-782, type=element
572, S3
*Surface, name=Surface-788, type=element
581, S2
*Surface, name=Surface-790, type=element
547, S2
*Surface, name=Surface-791, type=element
550, S3
*Surface, name=Surface-796, type=element
551, S1
*Surface, name=Surface-798, type=element
555, S1
*Surface, name=Surface-799, type=element
559, S1
*Surface, name=Surface-800, type=element
187, S1
*Surface, name=Surface-801, type=element
563, S3
*Surface, name=Surface-804, type=element
566, S2
*Surface, name=Surface-806, type=element
528, S1
*Surface, name=Surface-807, type=element
571, S3
*Surface, name=Surface-808, type=element
325, S1
*Surface, name=Surface-810, type=element
403, S1
*Surface, name=Surface-811, type=element
578, S2
*Surface, name=Surface-812, type=element
578, S1
*Surface, name=Surface-813, type=element
544, S2
*Surface, name=Surface-815, type=element
586, S3
*Surface, name=Surface-817, type=element
590, S1
*Surface, name=Surface-818, type=element
590, S3
*Surface, name=Surface-820, type=element
582, S1
*Surface, name=Surface-827, type=element
606, S2
*Surface, name=Surface-829, type=element
610, S3
*Surface, name=Surface-830, type=element
611, S2
*Surface, name=Surface-831, type=element
614, S1
*Surface, name=Surface-833, type=element
91, S1
*Surface, name=Surface-834, type=element
619, S1
*Surface, name=Surface-839, type=element
623, S3
*Surface, name=Surface-841, type=element
585, S2
*Surface, name=Surface-842, type=element
588, S1
*Surface, name=Surface-844, type=element
589, S1
*Surface, name=Surface-845, type=element
589, S3
*Surface, name=Surface-854, type=element
601, S2
*Surface, name=Surface-855, type=element
632, S2
*Surface, name=Surface-864, type=element
613, S1
*Surface, name=Surface-867, type=element
617, S3
*Surface, name=Surface-870, type=element
582, S3
*Surface, name=Surface-873, type=element
603, S1
*Surface, name=Surface-878, type=element
637, S1
*Surface, name=Surface-879, type=element
644, S3
*Surface, name=Surface-881, type=element
636, S3
*Surface, name=Surface-890, type=element
679, S1
*Surface, name=Surface-892, type=element
627, S2
*Surface, name=Surface-895, type=element
596, S1
*Surface, name=Surface-903, type=element
624, S2
*Surface, name=Surface-904, type=element
624, S1
*Surface, name=Surface-912, type=element
608, S2
*Surface, name=Surface-915, type=element
645, S2
*Surface, name=Surface-916, type=element
645, S1
*Surface, name=Surface-917, type=element
633, S1
*Surface, name=Surface-920, type=element
633, S2
*Surface, name=Surface-923, type=element
658, S2
*Surface, name=Surface-926, type=element
663, S1
*Surface, name=Surface-927, type=element
666, S1
*Surface, name=Surface-928, type=element
666, S3
*Surface, name=Surface-931, type=element
643, S3
*Surface, name=Surface-934, type=element
643, S1
*Surface, name=Surface-941, type=element
752, S3
*Surface, name=Surface-943, type=element
682, S1
*Surface, name=Surface-946, type=element
650, S2
*Surface, name=Surface-947, type=element
686, S3
*Surface, name=Surface-952, type=element
660, S1
*Surface, name=Surface-953, type=element
690, S3
*Surface, name=Surface-955, type=element
664, S1
*Surface, name=Surface-959, type=element
542, S1
*Surface, name=Surface-960, type=element
669, S1
*Surface, name=Surface-961, type=element
669, S3
*Surface, name=Surface-962, type=element
673, S3
*Surface, name=Surface-963, type=element
673, S2
*Surface, name=Surface-964, type=element
677, S2
*Surface, name=Surface-965, type=element
677, S1
*Surface, name=Surface-967, type=element
653, S1
*Surface, name=Surface-969, type=element
689, S2
*Surface, name=Surface-970, type=element
694, S1
*Surface, name=Surface-973, type=element
699, S2
*Surface, name=Surface-976, type=element
702, S2
*Surface, name=Surface-984, type=element
580, S3
*Surface, name=Surface-992, type=element
974, S3
*Surface, name=Surface-994, type=element
718, S1
*Surface, name=Surface-995, type=element
652, S3
*Surface, name=Surface-996, type=element
652, S2
*Surface, name=Surface-998, type=element
691, S1
*Surface, name=Surface-1000, type=element
692, S1
*Surface, name=Surface-1001, type=element
696, S1
*Surface, name=Surface-1002, type=element
696, S3
*Surface, name=Surface-1003, type=element
700, S3
*Surface, name=Surface-1005, type=element
704, S2
*Surface, name=Surface-1006, type=element
704, S1
*Surface, name=Surface-1007, type=element
708, S1
*Surface, name=Surface-1008, type=element
708, S3
*Surface, name=Surface-1011, type=element
713, S1
*Surface, name=Surface-1013, type=element
720, S1
*Surface, name=Surface-1014, type=element
721, S3
*Surface, name=Surface-1015, type=element
724, S2
*Surface, name=Surface-1016, type=element
725, S1
*Surface, name=Surface-1019, type=element
728, S1
*Surface, name=Surface-1020, type=element
729, S2
*Surface, name=Surface-1023, type=element
737, S2
*Surface, name=Surface-1024, type=element
732, S2
*Surface, name=Surface-1027, type=element
706, S2
*Surface, name=Surface-1035, type=element
748, S1
*Surface, name=Surface-1038, type=element
748, S2
*Surface, name=Surface-1040, type=element
714, S3
*Surface, name=Surface-1042, type=element
717, S1
*Surface, name=Surface-1043, type=element
756, S1
*Surface, name=Surface-1044, type=element
756, S3
*Surface, name=Surface-1045, type=element
722, S3
*Surface, name=Surface-1046, type=element
723, S3
*Surface, name=Surface-1054, type=element
731, S3
*Surface, name=Surface-1055, type=element
766, S2
*Surface, name=Surface-1056, type=element
735, S3
*Surface, name=Surface-1057, type=element
735, S2
*Surface, name=Surface-1064, type=element
740, S1
*Surface, name=Surface-1066, type=element
744, S2
*Surface, name=Surface-1068, type=element
751, S1
*Surface, name=Surface-1069, type=element
751, S3
*Surface, name=Surface-1070, type=element
755, S3
*Surface, name=Surface-1072, type=element
739, S1
*Surface, name=Surface-1073, type=element
739, S3
*Surface, name=Surface-1077, type=element
769, S3
*Surface, name=Surface-1078, type=element
772, S2
*Surface, name=Surface-1079, type=element
772, S1
*Surface, name=Surface-1081, type=element
777, S3
*Surface, name=Surface-1086, type=element
780, S2
*Surface, name=Surface-1094, type=element
788, S3
*Surface, name=Surface-1096, type=element
764, S3
*Surface, name=Surface-1097, type=element
793, S3
*Surface, name=Surface-1103, type=element
768, S3
*Surface, name=Surface-1107, type=element
742, S2
*Surface, name=Surface-1110, type=element
742, S3
*Surface, name=Surface-1115, type=element
782, S1
*Surface, name=Surface-1123, type=element
767, S1
*Surface, name=Surface-1125, type=element
795, S2
*Surface, name=Surface-1126, type=element
792, S2
*Surface, name=Surface-1131, type=element
802, S1
*Surface, name=Surface-1134, type=element
807, S3
*Surface, name=Surface-1136, type=element
806, S2
*Surface, name=Surface-1137, type=element
784, S2
*Surface, name=Surface-1138, type=element
810, S2
*Surface, name=Surface-1140, type=element
784, S3
*Surface, name=Surface-1145, type=element
819, S3
*Surface, name=Surface-1147, type=element
796, S3
*Surface, name=Surface-1148, type=element
791, S2
*Surface, name=Surface-1149, type=element
821, S2
*Surface, name=Surface-1154, type=element
826, S3
*Surface, name=Surface-1160, type=element
805, S2
*Surface, name=Surface-1163, type=element
808, S2
*Surface, name=Surface-1166, type=element
786, S2
*Surface, name=Surface-1169, type=element
786, S3
*Surface, name=Surface-1174, type=element
792, S3
*Surface, name=Surface-1184, type=element
828, S2
*Surface, name=Surface-1185, type=element
824, S1
*Surface, name=Surface-1190, type=element
837, S1
*Surface, name=Surface-1193, type=element
841, S1
*Surface, name=Surface-1195, type=element
840, S1
*Surface, name=Surface-1196, type=element
844, S1
*Surface, name=Surface-1197, type=element
844, S3
*Surface, name=Surface-1198, type=element
823, S2
*Surface, name=Surface-1199, type=element
849, S3
*Surface, name=Surface-1205, type=element
827, S1
*Surface, name=Surface-1213, type=element
812, S2
*Surface, name=Surface-1219, type=element
836, S2
*Surface, name=Surface-1225, type=element
825, S2
*Surface, name=Surface-1233, type=element
853, S3
*Surface, name=Surface-1247, type=element
860, S3
*Surface, name=Surface-1249, type=element
851, S2
*Surface, name=Surface-1250, type=element
854, S3
*Surface, name=Surface-1251, type=element
865, S2
*Surface, name=Surface-1253, type=element
854, S1
*Surface, name=Surface-1255, type=element
855, S1
*Surface, name=Surface-1256, type=element
831, S3
*Surface, name=Surface-1257, type=element
859, S1
*Surface, name=Surface-1259, type=element
831, S1
*Surface, name=Surface-1261, type=element
984, S2
*Surface, name=Surface-1263, type=element
869, S3
*Surface, name=Surface-1264, type=element
872, S1
*Surface, name=Surface-1265, type=element
873, S1
*Surface, name=Surface-1267, type=element
872, S2
*Surface, name=Surface-1269, type=element
877, S3
*Surface, name=Surface-1270, type=element
880, S2
*Surface, name=Surface-1271, type=element
881, S2
*Surface, name=Surface-1273, type=element
880, S3
*Surface, name=Surface-1275, type=element
978, S3
*Surface, name=Surface-1276, type=element
888, S3
*Surface, name=Surface-1277, type=element
889, S3
*Surface, name=Surface-1279, type=element
888, S1
*Surface, name=Surface-1281, type=element
980, S3
*Surface, name=Surface-1283, type=element
893, S2
*Surface, name=Surface-1284, type=element
852, S1
*Surface, name=Surface-1285, type=element
857, S1
*Surface, name=Surface-1287, type=element
852, S2
*Surface, name=Surface-1289, type=element
942, S1
*Surface, name=Surface-1291, type=element
934, S3
*Surface, name=Surface-1293, type=element
905, S2
*Surface, name=Surface-1295, type=element
944, S1
*Surface, name=Surface-1297, type=element
935, S1
*Surface, name=Surface-1298, type=element
912, S1
*Surface, name=Surface-1299, type=element
912, S3
*Surface, name=Ext-Surface-4, combine=union
Surface-2
Surface-5
Surface-8
Surface-11
Surface-14
Surface-17
Surface-20
Surface-23
Surface-26
Surface-29
Surface-32
Surface-35
Surface-38
Surface-41
Surface-44
Surface-47
Surface-50
Surface-53
Surface-56
Surface-59
Surface-62
Surface-65
Surface-68
Surface-71
Surface-74
*Surface, name=Ext-Surface-3, combine=union
Surface-1251
Surface-1253
Surface-1255
Surface-1257
Surface-1259
Surface-1261
Surface-1263
Surface-1265
Surface-1267
Surface-1269
Surface-1271
Surface-1273
Surface-1275
Surface-1277
Surface-1279
Surface-1281
Surface-1283
Surface-1285
Surface-1287
Surface-1289
Surface-1291
Surface-1293
Surface-1295
Surface-1297
Surface-1299
*Surface, name=Ext-Surface-2, combine=union
Surface-73
Surface-125
Surface-176
Surface-227
Surface-278
Surface-329
Surface-380
Surface-431
Surface-482
Surface-533
Surface-584
Surface-635
Surface-686
Surface-737
Surface-788
Surface-839
Surface-890
Surface-941
Surface-992
Surface-1043
Surface-1094
Surface-1145
Surface-1196
Surface-1247
Surface-1298
Surface-1300
Surface-1301
Surface-1302
Surface-1303
Surface-1304
Surface-1305
Surface-1306
Surface-1307
Surface-1308
Surface-1309
Surface-1310
Surface-1311
Surface-1312
Surface-1313
Surface-1314
Surface-1315
Surface-1316
Surface-1317
Surface-1318
Surface-1319
Surface-1320
Surface-1321
Surface-1322
Surface-1323
Surface-1324
Surface-1325
Surface-1326
Surface-1327
Surface-1328
Surface-1329
Surface-1330
Surface-1331
Surface-1332
Surface-1333
Surface-1334
Surface-1335
Surface-1336
Surface-1337
Surface-1338
Surface-1339
Surface-1340
Surface-1341
Surface-1342
Surface-1343
Surface-1344
Surface-1345
Surface-1346
Surface-1347
Surface-1348
Surface-1349
*Surface, name=Ext-Surface-1, combine=union
Surface-0
Surface-76
Surface-127
Surface-178
Surface-229
Surface-280
Surface-331
Surface-382
Surface-433
Surface-484
Surface-535
Surface-586
Surface-637
Surface-688
Surface-739
Surface-790
Surface-841
Surface-892
Surface-943
Surface-994
Surface-1045
Surface-1096
Surface-1147
Surface-1198
Surface-1249
*End Part

**
** ASSEMBLY
**
*Assembly, name=assembly
**
*Instance, name=I-Part-1, part=Part-1
*End Instance
**
*End Assembly
